a<-1+2*5-12+3%2+2*3**2>=5 && 2==3 || 2>2